X,Y
0.5, 0
0.5564334085778784, 0.003934426229508237
0.6072234762979687, 0.011803278688524266
0.6636568848758466, 0.015737704918032502
0.7144469525959369, 0.027540983606557212
0.7708803611738149, 0.04327868852458994
0.8216704288939052, 0.0629508196721309
0.8668171557562079, 0.07868852459016362
0.9176072234762982, 0.09836065573770458
0.9627539503386007, 0.11803278688524554
1.0191873589164786, 0.14163934426229474
1.069977426636569, 0.16524590163934416
1.126410835214447, 0.18491803278688512
1.1659142212189617, 0.21245901639344233
1.2054176072234761, 0.2321311475409833
1.2562076749435667, 0.2557377049180327
1.3013544018058694, 0.28327868852458993
1.3577878103837473, 0.31081967213114736
1.4029345372460496, 0.3304918032786883
1.45372460496614, 0.35803278688524554
1.510158013544018, 0.3777049180327865
1.5609480812641086, 0.4013114754098359
1.6060948081264108, 0.4249180327868849
1.6625282167042892, 0.4485245901639341
1.7076749435665914, 0.47999999999999976
1.7697516930022572, 0.5036065573770487
1.8261851015801356, 0.5193442622950817
1.8713318284424378, 0.5429508196721311
1.9164785553047405, 0.5665573770491801
1.9785553047404063, 0.5940983606557373
2.023702031602709, 0.6177049180327867
2.074492099322799, 0.625573770491803
2.1027088036117383, 0.6452459016393439
2.1534988713318284, 0.6609836065573766
2.204288939051919, 0.6806557377049176
2.260722347629797, 0.708196721311475
2.3058690744920995, 0.7318032786885242
2.3735891647855527, 0.7514754098360652
2.4243792325056432, 0.7750819672131144
2.4864559819413095, 0.7986885245901636
2.5372460496613995, 0.8183606557377048
2.5993227990970653, 0.8380327868852457
2.644469525959368, 0.8616393442622947
2.706546275395034, 0.8813114754098357
2.7516930022573365, 0.9009836065573769
2.8024830699774266, 0.9245901639344258
2.8589164785553045, 0.9442622950819668
2.909706546275395, 0.967868852459016
2.971783295711061, 0.987540983606557
2.994356659142212, 0.9993442622950817
